512 * 67 34304
671 * 922 618662
552 + 299 851
449 - 81 368
276 / 358 0
549 + 575 1124
858 + 309 1167
330 / 107 3
160 - 937 -777
659 + 145 804
421 - 716 -295
800 - 570 230
808 + 954 1762
590 / 122 4
704 + 870 1574
959 * 214 205226
620 + 45 665
646 * 78 50388
985 - 665 320
324 + 806 1130
962 - 333 629
395 - 726 -331
588 - 11 577
661 * 743 491123
234 / 730 0
5 / 167 0
83 / 880 0
98 - 585 -487
529 / 66 8
752 - 640 112
656 / 681 0
177 / 119 1
137 + 240 377
125 + 875 1000
132 * 100 13200
52 / 778 0
919 - 185 734
403 - 861 -458
135 + 37 172
890 - 342 548
429 / 525 0
771 / 502 1
118 * 793 93574
585 + 994 1579
545 / 122 4
714 + 181 895
654 * 732 478728
679 * 282 191478
487 + 906 1393
787 - 862 -75
361 / 759 0
618 * 404 249672
730 + 807 1537
473 + 124 597
219 / 665 0
944 / 489 1
135 + 229 364
307 + 234 541
184 + 54 238
318 / 308 1
926 / 775 1
486 + 857 1343
566 * 67 37922
105 - 61 44
134 + 138 272
791 + 528 1319
988 + 9 997
577 - 765 -188
530 / 891 0
345 * 899 310155
737 - 38 699
234 + 278 512
17 + 190 207
349 * 210 73290
241 / 374 0
668 / 251 2
647 + 901 1548
707 * 431 304717
230 * 921 211830
559 + 192 751
674 / 567 1
760 - 865 -105
324 * 425 137700
764 * 64 48896
356 + 494 850
736 * 155 114080
718 * 315 226170
721 / 50 14
264 + 749 1013
847 * 961 813967
968 * 467 452056
603 * 968 583704
851 + 759 1610
946 + 784 1730
448 / 106 4
887 + 81 968
446 / 320 1
263 + 356 619
426 + 989 1415
442 - 908 -466
196 / 408 0
255 / 438 0
859 + 562 1421
614 * 957 587598
654 + 556 1210
646 - 59 587
242 / 313 0
686 * 602 412972
765 * 716 547740
916 - 498 418
247 * 565 139555
896 / 339 2
767 - 817 -50
625 * 235 146875
707 * 455 321685
615 - 450 165
801 / 32 25
4 / 571 0
906 / 5 181
733 - 507 226
103 * 318 32754
788 * 841 662708
996 / 155 6
453 * 865 391845
161 / 910 0
242 * 524 126808
708 * 509 360372
652 / 362 1
840 - 909 -69
158 / 108 1
338 + 947 1285
777 + 117 894
889 + 272 1161
184 - 8 176
775 - 946 -171
199 / 550 0
385 * 618 237930
340 + 37 377
262 / 348 0
121 - 565 -444
838 - 327 511
699 - 642 57
710 * 828 587880
854 + 2 856
932 + 874 1806
812 + 547 1359
9 - 143 -134
895 * 347 310565
386 + 858 1244
730 / 995 0
984 - 759 225
371 * 969 359499
293 - 815 -522
952 * 809 770168
818 - 396 422
533 + 405 938
717 - 985 -268
903 / 574 1
94 / 173 0
387 + 22 409
523 / 560 0
874 / 304 2
588 / 470 1
722 + 896 1618
470 * 314 147580
598 - 85 513
249 + 282 531
756 - 749 7
389 - 392 -3
983 / 792 1
32 * 725 23200
761 * 85 64685
304 - 674 -370
175 / 985 0
718 + 530 1248
518 - 197 321
480 * 366 175680
736 - 2 734
986 + 836 1822
353 * 995 351235
395 + 755 1150
379 - 672 -293
966 - 855 111
702 * 754 529308
653 * 181 118193
406 + 383 789
999 / 848 1
619 - 651 -32
884 + 220 1104
809 - 383 426
374 / 925 0
546 + 188 734
734 / 712 1
45 - 162 -117
371 / 943 0
614 / 134 4
383 / 468 0
518 * 719 372442
655 * 750 491250
511 * 28 14308
877 + 196 1073
429 + 166 595
962 - 581 381
896 / 488 1
257 + 70 327
512 - 327 185
518 - 974 -456
884 * 752 664768
12 * 505 6060
40 / 845 0
348 + 234 582
142 * 5 710
430 - 31 399
366 - 613 -247
388 * 143 55484
690 - 801 -111
473 / 850 0
970 + 571 1541
147 * 93 13671
166 + 525 691
41 + 208 249
376 / 822 0
927 * 248 229896
377 / 755 0
239 * 796 190244
816 * 523 426768
246 + 615 861
775 * 927 718425
738 + 998 1736
928 * 964 894592
582 / 411 1
133 + 355 488
948 * 769 729012
612 * 773 473076
192 / 849 0
352 / 94 3
221 / 505 0
107 / 511 0
368 + 49 417
476 + 59 535
657 / 974 0
812 * 945 767340
328 - 308 20
500 / 348 1
36 + 367 403
652 * 454 296008
981 + 545 1526
916 * 53 48548
911 / 351 2
705 + 140 845
288 * 779 224352
67 - 678 -611
377 * 647 243919
336 + 732 1068
559 + 528 1087
72 + 262 334
770 * 381 293370
859 + 970 1829
580 + 898 1478
350 - 874 -524
672 / 223 3
120 * 261 31320
1000 / 493 2
460 + 225 685
177 - 838 -661
938 / 766 1
843 * 395 332985
740 * 930 688200
383 / 38 10
391 - 303 88
30 - 779 -749
900 + 161 1061
502 * 117 58734
769 + 542 1311
685 + 641 1326
579 + 345 924
398 * 553 220094
124 / 576 0
728 - 54 674
774 / 474 1
817 - 129 688
79 / 970 0
816 / 942 0
490 + 125 615
921 + 844 1765
42 * 6 252
950 / 401 2
801 + 313 1114
77 - 618 -541
110 * 203 22330
980 / 455 2
546 - 17 529
76 + 902 978
89 - 294 -205
956 / 193 4
687 * 266 182742
473 + 531 1004
759 + 897 1656
781 + 76 857
66 * 938 61908
797 - 672 125
828 / 901 0
505 + 278 783
516 - 338 178
93 + 891 984
951 + 751 1702
840 + 445 1285
721 - 822 -101
96 / 793 0
74 / 553 0
605 + 938 1543
511 * 6 3066
705 + 136 841
831 - 271 560
552 / 663 0
395 / 349 1
185 * 238 44030
262 / 138 1
45 / 980 0
673 + 458 1131
542 - 241 301
871 / 528 1
455 - 757 -302
734 - 302 432
70 * 62 4340
706 / 107 6
105 * 824 86520
425 - 756 -331
841 * 139 116899
409 * 153 62577
461 / 962 0
435 - 386 49
862 / 336 2
14 * 410 5740
163 + 10 173
703 * 288 202464
762 / 198 3
338 + 930 1268
837 + 637 1474
759 - 90 669
141 + 84 225
783 - 936 -153
358 * 853 305374
686 / 215 3
132 / 484 0
940 + 756 1696
359 * 682 244838
802 + 691 1493
550 / 671 0
811 - 252 559
409 / 644 0
235 * 316 74260
818 * 934 764012
999 - 915 84
632 * 261 164952
140 + 894 1034
512 * 640 327680
244 * 431 105164
580 - 159 421
784 / 823 0
715 * 567 405405
323 / 283 1
514 / 898 0
670 - 28 642
418 - 763 -345
124 * 272 33728
572 * 119 68068
708 * 134 94872
398 / 602 0
797 + 622 1419
451 + 870 1321
148 - 133 15
427 + 670 1097
229 / 872 0
33 / 42 0
242 * 128 30976
517 - 84 433
565 + 4 569
921 * 603 555363
276 / 543 0
919 / 765 1
833 - 621 212
334 - 231 103
322 - 354 -32
276 + 520 796
796 / 957 0
784 * 428 335552
775 + 457 1232
44 - 154 -110
97 + 41 138
385 + 408 793
777 - 690 87
636 / 40 15
81 + 783 864
71 / 182 0
548 + 960 1508
319 * 330 105270
806 / 110 7
189 * 925 174825
600 / 663 0
540 + 525 1065
963 - 237 726
885 + 34 919
891 / 887 1
849 * 447 379503
822 * 33 27126
91 / 443 0
89 + 103 192
525 - 335 190
976 / 850 1
485 * 979 474815
142 + 238 380
813 / 461 1
758 / 317 2
545 / 438 1
995 * 745 741275
713 + 254 967
463 / 366 1
27 + 879 906
907 + 738 1645
411 + 127 538
70 - 25 45
900 / 180 5
103 - 96 7
464 + 145 609
302 + 530 832
701 + 605 1306
378 / 174 2
546 * 99 54054
162 / 485 0
880 - 591 289
520 / 916 0
900 + 576 1476
93 / 685 0
331 + 669 1000
58 / 919 0
774 / 508 1
918 + 112 1030
264 / 261 1
310 + 906 1216
813 + 125 938
997 - 635 362
739 / 370 1
739 - 982 -243
692 - 999 -307
821 - 861 -40
908 / 736 1
369 / 325 1
571 + 550 1121
124 * 158 19592
136 - 333 -197
308 - 367 -59
517 + 470 987
585 - 13 572
956 - 562 394
581 / 434 1
527 + 962 1489
198 - 60 138
456 - 140 316
203 / 965 0
411 / 21 19
408 * 753 307224
169 - 434 -265
763 * 891 679833
48 - 768 -720
525 + 464 989
603 / 775 0
994 * 330 328020
709 + 391 1100
839 * 769 645191
318 - 322 -4
750 + 915 1665
285 / 704 0
209 + 741 950
110 - 365 -255
802 / 845 0
577 + 922 1499
663 / 957 0
722 * 26 18772
787 / 356 2
890 / 540 1
241 * 209 50369
87 / 831 0
26 / 54 0
891 / 348 2
365 + 938 1303
453 + 184 637
80 / 599 0
682 / 737 0
393 * 561 220473
89 * 449 39961
768 * 446 342528
881 - 756 125
96 / 773 0
490 + 683 1173
615 / 364 1
755 - 936 -181
715 * 986 704990
261 + 971 1232
826 + 440 1266
496 * 301 149296
101 * 254 25654
647 / 16 40
963 * 618 595134
190 - 385 -195
767 / 667 1
63 + 474 537
368 / 797 0
714 - 839 -125
709 * 635 450215
20 / 924 0
471 * 450 211950
630 / 769 0
916 + 181 1097
1000 / 286 3
490 + 972 1462
462 / 378 1
734 / 668 1
14 - 698 -684
533 + 1 534
735 / 579 1
411 / 634 0
53 - 980 -927
925 - 849 76
228 / 470 0
351 + 692 1043
166 - 835 -669
55 * 942 51810
66 + 275 341
924 * 225 207900
644 + 496 1140
703 + 344 1047
511 * 250 127750
560 - 718 -158
692 + 329 1021
664 * 737 489368
310 * 820 254200
276 + 266 542
659 * 627 413193
3 - 323 -320
184 * 124 22816
734 / 876 0
794 / 412 1
921 + 558 1479
391 + 995 1386
232 / 284 0
940 + 806 1746
65 / 277 0
816 / 885 0
714 * 412 294168
751 / 156 4
324 - 276 48
847 * 386 326942
660 * 703 463980
645 - 585 60
950 * 868 824600
528 * 384 202752
537 - 75 462
633 / 366 1
34 * 504 17136
949 * 954 905346
335 * 611 204685
289 + 969 1258
723 - 89 634
330 - 831 -501
438 + 512 950
494 + 742 1236
816 * 451 368016
479 / 326 1
224 / 202 1
703 * 631 443593
851 * 785 668035
969 + 840 1809
780 - 765 15
168 * 597 100296
111 * 593 65823
761 / 389 1
295 - 668 -373
5 + 966 971
9 * 63 567
935 * 61 57035
461 / 642 0
221 * 806 178126
295 + 425 720
645 / 418 1
835 + 894 1729
186 - 78 108
458 / 905 0
566 - 457 109
932 * 450 419400
358 * 67 23986
239 - 444 -205
101 / 966 0
292 * 243 70956
183 - 532 -349
27 - 619 -592
19 / 309 0
401 - 785 -384
2 * 830 1660
793 * 230 182390
457 * 550 251350
929 - 505 424
520 / 270 1
320 / 395 0
54 - 657 -603
458 + 234 692
360 * 477 171720
829 - 31 798
898 * 827 742646
266 * 638 169708
263 * 344 90472
54 - 408 -354
780 + 507 1287
704 - 994 -290
432 / 806 0
148 / 8 18
5 / 284 0
220 * 755 166100
392 / 303 1
380 + 239 619
5 + 426 431
377 + 443 820
569 - 511 58
670 + 445 1115
41 * 624 25584
28 - 525 -497
672 + 59 731
927 + 288 1215
590 / 959 0
36 - 94 -58
404 * 512 206848
670 - 388 282
753 * 963 725139
686 + 887 1573
462 * 141 65142
947 * 345 326715
822 - 408 414
865 + 303 1168
457 / 366 1
840 * 758 636720
555 / 483 1
693 - 870 -177
191 + 763 954
935 - 882 53
955 + 283 1238
938 / 336 2
100 * 146 14600
255 + 572 827
489 / 443 1
221 + 114 335
558 - 35 523
821 - 380 441
320 + 445 765
832 + 831 1663
80 - 585 -505
884 - 653 231
785 + 475 1260
691 + 559 1250
568 * 459 260712
344 * 751 258344
876 / 361 2
815 - 287 528
465 / 122 3
471 - 10 461
992 + 276 1268
954 / 168 5
975 - 626 349
737 * 4 2948
411 - 877 -466
860 - 537 323
569 + 194 763
1000 + 227 1227
574 / 719 0
865 * 892 771580
925 - 580 345
314 + 76 390
159 / 93 1
622 * 161 100142
656 / 150 4
50 + 472 522
503 / 195 2
355 / 155 2
490 * 717 351330
544 / 787 0
581 + 610 1191
494 + 922 1416
385 - 257 128
28 * 295 8260
708 + 682 1390
898 - 581 317
616 + 149 765
755 * 48 36240
271 + 134 405
992 - 218 774
377 + 744 1121
656 / 163 4
258 * 867 223686
314 + 319 633
969 * 470 455430
197 + 155 352
835 / 259 3
548 / 703 0
530 - 224 306
405 - 779 -374
764 / 667 1
869 * 454 394526
33 - 144 -111
892 + 849 1741
448 * 717 321216
646 / 388 1
427 - 92 335
664 - 996 -332
67 / 277 0
327 - 777 -450
871 - 108 763
122 + 577 699
913 * 620 566060
728 / 947 0
482 - 77 405
130 - 230 -100
233 - 421 -188
622 / 433 1
131 - 602 -471
755 / 661 1
299 * 596 178204
876 * 832 728832
652 + 2 654
541 - 554 -13
543 * 122 66246
186 / 948 0
494 / 188 2
433 / 240 1
714 / 472 1
66 / 971 0
329 * 517 170093
404 / 997 0
288 * 460 132480
188 * 942 177096
865 * 274 237010
597 - 450 147
921 * 94 86574
301 / 702 0
337 / 325 1
867 - 68 799
982 / 616 1
137 - 785 -648
210 / 814 0
346 - 586 -240
233 + 818 1051
538 + 530 1068
281 - 276 5
121 - 90 31
693 / 533 1
37 * 390 14430
54 * 1 54
28 - 238 -210
138 - 782 -644
838 + 964 1802
691 / 901 0
245 - 488 -243
171 / 447 0
878 * 115 100970
42 + 854 896
133 + 908 1041
395 / 353 1
814 - 361 453
90 - 401 -311
745 * 446 332270
690 + 394 1084
823 + 20 843
67 - 113 -46
14 - 86 -72
828 - 96 732
4 - 317 -313
982 + 220 1202
355 * 615 218325
278 * 87 24186
196 + 548 744
576 * 453 260928
890 + 435 1325
395 - 697 -302
828 - 652 176
187 / 468 0
88 - 573 -485
605 * 3 1815
584 / 974 0
262 * 138 36156
724 / 727 0
781 * 898 701338
557 + 863 1420
859 / 770 1
959 * 157 150563
363 - 601 -238
720 / 657 1
131 * 712 93272
439 * 934 410026
841 - 453 388
584 + 239 823
345 * 564 194580
974 + 445 1419
51 * 344 17544
817 * 637 520429
825 - 162 663
505 - 173 332
977 * 389 380053
192 + 124 316
775 + 390 1165
763 - 547 216
1 - 940 -939
230 * 320 73600
361 + 587 948
736 * 478 351808
436 - 676 -240
746 / 491 1
662 / 659 1
389 - 395 -6
327 / 559 0
10 * 222 2220
582 + 766 1348
178 - 201 -23
420 + 553 973
391 - 953 -562
242 / 580 0
607 - 175 432
680 + 839 1519
659 * 949 625391
636 * 125 79500
400 * 934 373600
609 - 628 -19
161 * 758 122038
208 + 222 430
496 / 677 0
316 / 908 0
916 + 917 1833
774 * 402 311148
919 * 196 180124
186 + 507 693
292 * 315 91980
720 - 373 347
535 * 665 355775
947 + 519 1466
849 / 825 1
91 + 887 978
244 / 359 0
679 / 618 1
162 / 553 0
614 * 101 62014
924 + 342 1266
945 - 397 548
738 * 898 662724
179 * 360 64440
958 + 967 1925
931 - 967 -36
332 - 211 121
504 / 153 3
764 + 382 1146
320 * 11 3520
174 / 400 0
168 - 789 -621
307 - 643 -336
329 / 89 3
409 * 963 393867
590 / 792 0
133 * 987 131271
838 * 309 258942
128 - 998 -870
390 * 874 340860
498 + 621 1119
207 / 899 0
848 / 721 1
768 - 780 -12
849 * 763 647787
464 - 1000 -536
699 / 367 1
395 * 972 383940
550 / 6 91
742 + 828 1570
519 + 218 737
98 - 847 -749
667 - 892 -225
867 * 438 379746
887 + 460 1347
810 / 241 3
272 / 178 1
482 * 430 207260
228 - 324 -96
781 + 45 826
98 - 761 -663
334 - 452 -118
182 + 790 972
245 / 625 0
915 * 806 737490
833 / 673 1
468 - 65 403
315 + 72 387
134 * 836 112024
771 + 744 1515
452 - 91 361
199 / 779 0
840 * 859 721560
724 - 139 585
958 + 589 1547
396 / 393 1
968 / 274 3
175 - 617 -442
209 * 265 55385
102 + 794 896
612 * 970 593640
152 * 831 126312
686 + 445 1131
407 / 840 0
233 * 793 184769
326 + 604 930
192 - 927 -735
39 * 85 3315
84 - 427 -343
59 / 290 0
822 / 231 3
534 + 239 773
918 - 829 89
989 / 258 3
949 + 599 1548
22 + 516 538
223 * 380 84740
433 / 354 1
870 + 755 1625
687 / 310 2
25 + 966 991
895 / 934 0
912 / 42 21
169 / 278 0
129 * 514 66306
47 + 768 815
617 * 816 503472
724 + 495 1219
285 - 897 -612
634 + 893 1527
245 - 76 169
677 + 287 964
357 + 418 775
250 + 631 881
93 + 77 170
393 - 378 15
352 / 830 0
684 + 182 866
521 - 978 -457
485 / 602 0
224 - 682 -458
343 - 47 296
89 / 184 0
691 + 581 1272
796 - 77 719
453 / 96 4
992 * 751 744992
540 + 26 566
384 * 127 48768
9 * 88 792
310 * 521 161510
609 * 876 533484
199 / 468 0
793 * 662 524966
847 / 442 1
533 + 456 989
681 / 760 0
427 * 416 177632
500 - 18 482
993 / 356 2
710 * 814 577940
529 * 568 300472
366 / 157 2
21 * 65 1365
413 + 907 1320
413 / 274 1
314 - 773 -459
863 + 500 1363
888 + 793 1681
490 * 193 94570
191 - 38 153
669 - 74 595
691 * 67 46297
542 - 851 -309
570 + 325 895
66 - 150 -84
190 + 637 827
662 + 885 1547
686 * 301 206486
722 * 882 636804
486 * 22 10692
168 * 506 85008
676 / 101 6
816 * 633 516528
593 * 204 120972
773 / 707 1
400 - 685 -285
498 / 562 0
154 - 883 -729
826 - 519 307
997 - 624 373
332 / 460 0
782 / 486 1
